<?xml version="1.0"?>
<opencv_storage>
<Classifier>
  <ClassNumber>2</ClassNumber>
  <FeatureNumber>2</FeatureNumber>
  <Network>
    <layer_sizes>
      2 6 6 2</layer_sizes>
    <activation_function>SIGMOID_SYM</activation_function>
    <f_param1>1.</f_param1>
    <f_param2>1.</f_param2>
    <min_val>-9.4999999999999996e-01</min_val>
    <max_val>9.4999999999999996e-01</max_val>
    <min_val1>-9.7999999999999998e-01</min_val1>
    <max_val1>9.7999999999999998e-01</max_val1>
    <training_params>
      <train_method>BACKPROP</train_method>
      <dw_scale>1.0000000000000001e-01</dw_scale>
      <moment_scale>1.0000000000000001e-01</moment_scale>
      <term_criteria>
        <epsilon>1.0000000000000000e-02</epsilon>
        <iterations>1000</iterations></term_criteria></training_params>
    <input_scale>
      3.5367487134944735e+00 -2.6741324944273637e+00 1. 0.</input_scale>
    <output_scale>
      5.2631578947368418e-01 4.9999999999999994e-01
      5.2631578947368418e-01 4.9999999999999994e-01</output_scale>
    <inv_output_scale>
      1.8999999999999999e+00 -9.4999999999999996e-01
      1.8999999999999999e+00 -9.4999999999999996e-01</inv_output_scale>
    <weights>
      <_>
        -1.5226007116199254e+00 -1.0252550680354549e+00
        1.6482816949154266e+00 1.0008819421358650e+00
        -9.6752247504206113e-01 -1.5808406336883931e+00
        1.7598655113698941e-01 -4.7357820738565215e-01
        -4.0890715938738903e-01 5.2023909628606679e-01
        -4.6722628362346685e-01 -4.4302409066379783e-01
        -9.1018632286015783e-02 1.0204874564710479e-02
        4.7946361971005547e-01 1.2883148938354660e-01
        -2.3882770301491252e-01 -3.9169708508789913e-01</_>
      <_>
        -8.5806577532473971e-01 3.9635244499518729e-01
        -9.1210020098318606e-02 -3.3380820953877838e-01
        -3.0274603232730662e-01 8.9043363881616677e-01
        -5.9902467878995946e-01 2.4044507051430367e-01
        1.3401058017051795e-01 -5.8008608858350952e-01
        -4.4773931825381263e-01 2.3921480807274176e-01
        9.9263460830386052e-01 -7.7700344316342618e-01
        1.0060378317669755e-01 3.4852377156420888e-01
        4.0970185085726762e-01 -9.1418674706701319e-01
        3.0832194938270535e-01 -2.5085411764196230e-01
        -2.5581440169688524e-01 4.3405211508500718e-01
        3.7744960695759244e-01 -6.3681146939913269e-01
        -6.4147367183092274e-01 2.5196863402687492e-01
        -1.7376273318609040e-01 -2.2585039523195477e-01
        -3.1924320140154977e-01 3.6504963102892557e-01
        -9.9111379839349878e-01 4.0149994432396585e-01
        2.6932279853558228e-01 -6.9759056038762812e-01
        -6.5255439216520134e-02 9.8287396588643694e-01
        2.0187890084109189e-01 -1.1027074807023696e-01
        6.2113819569758852e-02 1.2062695124019623e-01
        9.1846556617649178e-02 -2.3406438582087896e-01</_>
      <_>
        1.6174559190435016e+00 -1.4241207336435797e+00
        -9.6175192258071640e-01 7.1202638646232830e-01
        -5.5166934734593254e-01 -6.3970755672006874e-01
        6.2666682877043256e-01 -1.0993372868568565e+00
        3.6513339624668510e-02 -1.1031176661093087e+00
        -1.5138302640112209e+00 1.3600532657728572e+00
        7.3250830013709523e-01 -7.3208755431697925e-01</_></weights></Network></Classifier>
</opencv_storage>
