<?xml version="1.0"?>
<opencv_storage>
<Classifier>
  <ClassNumber>2</ClassNumber>
  <FeatureNumber>5</FeatureNumber>
  <Network>
    <format>3</format>
    <layer_sizes>
      5 24 24 24 2</layer_sizes>
    <activation_function>SIGMOID_SYM</activation_function>
    <f_param1>1.</f_param1>
    <f_param2>1.</f_param2>
    <min_val>-9.4999999999999996e-01</min_val>
    <max_val>9.4999999999999996e-01</max_val>
    <min_val1>-9.7999999999999998e-01</min_val1>
    <max_val1>9.7999999999999998e-01</max_val1>
    <training_params>
      <train_method>BACKPROP</train_method>
      <dw_scale>1.0000000000000001e-01</dw_scale>
      <moment_scale>1.0000000000000001e-01</moment_scale>
      <term_criteria>
        <epsilon>1.0000000000000000e-03</epsilon></term_criteria></training_params>
    <input_scale>
      2.3382159419430693e+00 -7.6696708685113879e-01
      5.2650678771642525e+01 -5.1902603159794303e+01
      2.4544309890412168e+00 7.9665094669863057e-01
      8.6646569285565292e+01 -8.5855106473201147e+01
      2.7294663752392689e+00 8.1112881135789383e-01</input_scale>
    <output_scale>
      5.2631578947368418e-01 4.9999999999999994e-01
      5.2631578947368418e-01 4.9999999999999994e-01</output_scale>
    <inv_output_scale>
      1.8999999999999999e+00 -9.4999999999999996e-01
      1.8999999999999999e+00 -9.4999999999999996e-01</inv_output_scale>
    <weights>
      <_>
        5.8779574988649969e-02 3.4134758369283180e-01
        1.0825934318953280e-01 -8.6921453054148584e-02
        5.7976158514426801e-01 -7.2252768376397958e-01
        -4.5805433864487960e-01 -3.9514583294037786e-02
        1.3748569644873943e-01 -5.2110332439281970e-01
        6.1868851390407587e-01 5.7593207386251155e-01
        6.5230387781199661e-01 4.8525486104572219e-01
        -4.4644582654571324e-01 7.8535162625584909e-02
        -4.9833926883289109e-01 5.7387780839966329e-01
        -2.9788567504278074e-01 3.9543006980936274e-01
        -2.8509054569662573e-01 -3.9637950737634808e-01
        3.3406458269316805e-02 6.4873264933356223e-01
        -3.6149296550374360e-01 -2.7956886317167173e-01
        -6.2972074500261599e-01 -2.9814346081038978e-01
        -7.8460206103348207e-01 6.1021640598701210e-01
        6.6376562391312843e-01 3.6758439782977209e-01
        3.4944987298121749e-01 1.1502859285031401e-01
        -7.5701450082334354e-01 -6.1475887657882167e-01
        -6.4724312774058623e-01 -3.6759423024232607e-01
        5.2783389198272995e-02 -2.0697432223050963e-01
        6.2300426302036727e-01 -3.6661195913648353e-01
        7.1684908859230123e-01 -3.9801091580006143e-01
        4.2419411753174219e-01 3.2481718756195549e-01
        4.6003297438315488e-01 -6.4384045364097131e-01
        -7.3683718274075360e-01 -3.0580459756689510e-01
        -7.5045233389725841e-01 8.1587107864392258e-03
        -1.0489538604623383e+00 4.6609499064469634e-01
        6.6236341370224117e-01 -1.0807505441608242e-01
        -8.7313951462958894e-02 1.4695817711221174e-01
        -9.3219331674834971e-01 -4.6186443986625242e-01
        -8.1992196535242212e-01 -1.0275477664602337e+00
        6.3914997999194711e-01 -8.0719775480067313e-01
        7.3874378090856707e-01 -1.0354198399846322e+00
        9.4306064694810665e-01 -2.1260812152909356e-01
        8.4449442676210129e-01 1.0344380614483115e+00
        4.3151625040647279e-01 -3.6473977350674036e-01
        -7.8758094146976898e-01 9.2186498507707951e-02
        -7.5357140690897551e-01 -4.8130621121773298e-01
        -9.5247797921021993e-01 6.9204913600905549e-01
        6.9861417348007138e-01 5.0501409850919732e-01
        3.4495589819488387e-01 -1.5439306769530871e-02
        -5.8007143433519592e-01 -7.3873119064783066e-01
        -4.5987704889868930e-01 -8.5747029845618283e-01
        2.0304150104436813e-01 -5.5274599459727713e-01
        6.3502873712946051e-01 -1.0231386245536462e+00
        8.0998412551666243e-01 -1.2754457078750134e-01
        9.0505693222004657e-01 8.3547982475889337e-01
        7.9184063561394968e-01 -3.7536727619732713e-01
        -7.6082191287068923e-01 1.0890769714539629e-01
        -7.0262423699261878e-01 -3.4181240784550215e-01
        -5.3738844771074612e-01 5.5744726242629794e-01
        1.7990088194312176e-01 1.1464393687144314e-01
        3.6303411073744653e-03 4.5361011435500809e-01
        -8.3011235737438716e-01 -7.2292610401335822e-01
        -3.4126574949732347e-01 -6.7400670117330108e-01
        9.5920260712223454e-02 -6.1248226216115376e-01
        7.3935900247313258e-01 -7.6793103902097670e-01
        4.2372651967762942e-01 -7.0517592588010092e-01
        2.3753928831363097e-01 7.2931056920401127e-01
        5.6621661431744985e-01 -6.3581624355544053e-01
        7.8562749256586373e-01 -1.6384463759065337e-01
        6.5045601887126847e-01 6.8371958640127783e-01
        1.4435234914295421e+00 -5.1895307503246868e-01
        -3.3246121012369850e-01 2.7226880147271310e-01
        -1.6450440019257026e-01 -4.0981355266281098e-02
        1.2895332778330497e+00 6.8425204687655450e-01
        6.1066633124580627e-01 1.0456877582838495e+00
        -1.2011061815303517e-01 2.8750072620261524e-01
        -7.3671076524822243e-01 1.3362203978069715e+00
        -8.2431461137768902e-01 4.4983000510194826e-01
        -6.9599592840938440e-01 -8.6355506544521399e-01
        -3.9491014479890472e-02 6.1933684316242343e-01</_>
      <_>
        2.5163633701418969e-01 -1.9967445120454563e-01
        1.7428989783880378e-01 6.5678972464469326e-02
        1.9491472496712500e-01 -1.8380040465626390e-01
        1.3388928893169267e-02 2.7733218152699057e-01
        1.6539800959757867e-01 8.5070643300093715e-02
        -2.6347696461140424e-01 2.6271978054336864e-01
        1.5059508397423949e-01 -2.3966674499723750e-01
        3.3002526577632731e-02 8.5729091625478798e-03
        -1.0858560970705854e-01 2.0977857055810395e-01
        1.3682153009772130e-01 1.4518139475425315e-01
        1.8746623739813173e-01 -1.1976756652389393e-01
        1.5885766371799900e-01 -3.1973165523670483e-01
        -2.9716714368858983e-02 -2.7489059540289157e-02
        7.3756056674583043e-02 4.2744180838143436e-02
        6.1796785569165132e-02 -2.3621768142730776e-02
        6.2667680843079721e-02 3.1616396662444937e-02
        3.1189535641546137e-02 3.7723689762550437e-02
        9.6168184966267806e-03 -5.9559785073619233e-02
        8.6312241065655104e-02 -8.8999441324895512e-02
        -1.7677508954666687e-03 -4.4277444885713120e-02
        -3.3226648412968636e-02 -1.6079796874393582e-02
        -1.9151959783928158e-02 2.8005977335171729e-02
        -3.5093491942484650e-02 -4.0597707662403323e-02
        4.1996429673132954e-02 3.4123349350396834e-02
        1.8829387461575225e-01 -1.4691141265120247e-01
        1.0689163340561614e-01 7.3569848095438137e-02
        2.3148789141531587e-01 -1.6166710878484825e-01
        2.9980638026117674e-02 2.5967357126948165e-01
        2.6971115831478631e-01 2.3879558751377750e-01
        -2.6325767350296703e-01 2.1659384800621384e-01
        2.2722935912205144e-01 -1.8188464644574107e-01
        1.3665232282957981e-01 -1.3389714407146550e-02
        -1.5873414026020555e-01 2.4797302835666013e-01
        1.3714891648868571e-01 5.8670115518103319e-02
        2.1673298616384945e-01 -9.5344954479760366e-02
        2.4929168575025198e-01 -2.5902328839408162e-01
        1.5076727058149753e-01 -7.5979446443888654e-02
        7.2414180915690837e-02 -4.3392896812133153e-02
        1.2198294759240111e-01 -9.4272021239617629e-02
        2.9073539521446982e-02 1.8148802409868056e-01
        1.5045222713289902e-02 4.7669804118170192e-02
        -4.2360046864956126e-02 2.6004717524748872e-01
        5.4456694427456730e-02 -8.0965163333335421e-02
        1.0896372043263247e-02 6.3226048635985521e-02
        -1.0776353882551686e-01 6.8156289862835007e-02
        -2.4706283916723928e-03 -4.1432180814481821e-03
        -1.4231270946160569e-02 -1.7472460403447979e-02
        1.4836462475437293e-01 -1.8410815686481091e-01
