<?xml version="1.0"?>
<opencv_storage>
<Classifier>
  <ClassNumber>2</ClassNumber>
  <FeatureNumber>5</FeatureNumber>
  <Network>
    <format>3</format>
    <layer_sizes>
      5 24 24 24 2</layer_sizes>
    <activation_function>SIGMOID_SYM</activation_function>
    <f_param1>1.</f_param1>
    <f_param2>1.</f_param2>
    <min_val>-9.4999999999999996e-01</min_val>
    <max_val>9.4999999999999996e-01</max_val>
    <min_val1>-9.7999999999999998e-01</min_val1>
    <max_val1>9.7999999999999998e-01</max_val1>
    <training_params>
      <train_method>BACKPROP</train_method>
      <dw_scale>1.0000000000000001e-01</dw_scale>
      <moment_scale>1.0000000000000001e-01</moment_scale>
      <term_criteria>
        <epsilon>1.0000000000000000e-03</epsilon></term_criteria></training_params>
    <input_scale>
      1. 0. 1.2112826499148569e+02 -1.2054216764064958e+02
      3.2663062328093435e+00 6.3984646339596019e-01 1. -1. 1. 0.</input_scale>
    <output_scale>
      5.2631578947368418e-01 4.9999999999999994e-01
      5.2631578947368418e-01 4.9999999999999994e-01</output_scale>
    <inv_output_scale>
      1.8999999999999999e+00 -9.4999999999999996e-01
      1.8999999999999999e+00 -9.4999999999999996e-01</inv_output_scale>
    <weights>
      <_>
        -2.7202625560132648e-01 2.2458711709653778e-01
        -2.2919821331894571e-01 -1.9863170524955034e-01
        1.6242757715739534e-01 -4.1544351384865452e-01
        -1.1520487984193713e-01 1.2323328631196818e-01
        1.9095045838270491e-01 -3.4137187007106723e-01
        2.7104521765915113e-01 2.4566877649944580e-01
        3.1746656508935162e-01 1.6292835878745970e-01
        -2.4456864437179207e-01 -2.4256138161567878e-01
        -2.0945233151917209e-01 1.8272925018844968e-01
        3.1711095011246922e-02 1.3274054617063610e-01
        8.2036519504304642e-02 -6.7302656942523784e-02
        3.4502083055778870e-01 3.0984937397872397e-01
        -1.1000872717435302e-01 -9.7286317255103316e-01
        -9.9077941819459736e-01 2.5130535146763971e-01
        -1.4051040401251480e+00 6.5863589443330883e-01
        1.1418464707930089e+00 -1.1387247326290263e-01
        2.8868712478741665e-01 -7.1725115157364006e-01
        -1.2480983774635783e+00 1.1407535878703852e-01
        -1.2612153912519191e+00 -7.2593221961248411e-01
        4.5715260534617980e-01 -5.2684596255927629e-01
        9.3031104793433428e-01 -5.8935878246500073e-01
        1.3752075650291902e+00 3.1502731182019511e-01
        9.2697445793202271e-01 7.2418397013537106e-01
        6.5258418016468300e-01 -1.3415263469858063e-01
        -5.8432587295688976e-01 -1.7402807358234076e+00
        -1.6667433389028761e+00 8.3103077411640580e-01
        -2.6537564904330373e+00 5.0934540130586892e-01
        1.8601536064588338e+00 -9.5638432802508255e-01
        -1.6783962241210984e-01 -1.2258780513321161e+00
        -2.1893183846116595e+00 6.7191801346890900e-01
        -2.3822321519003942e+00 -1.9314093203570455e+00
        1.5615437173286397e+00 -1.5824055575001370e+00
        1.4502330904613503e+00 -1.6176423354611966e+00
        2.6652249695864798e+00 8.1220226661979533e-01
        2.0988051152009599e+00 2.0148359202997961e+00
        8.0895224784338782e-01 2.9399694515154923e-01
        -2.7688399490588511e-01 2.1351630285631124e-01
        -2.3245731484176368e-01 -2.6853907946753364e-01
        -2.2655508432140026e-01 2.0401497208102085e-01
        2.1186272068183501e-01 3.3419876374762952e-01
        2.5978935667446157e-01 -2.3960379146349681e-01
        4.9980289838598070e-02 -2.2092277946299929e-01
        5.0025016376052105e-02 -2.8930572355965695e-01
        -6.1617600615509797e-02 -1.0820684563950878e-01
        1.3946923282804494e-01 -3.3525525164901437e-01
        2.5798073217169160e-01 2.4286050843491758e-01
        3.5937499001039902e-01 2.6785190610916804e-01
        3.7807024306243725e-01 1.2202003420163290e-01
        -2.4908966118233850e-01 2.3153101384547756e-01
        -1.8489882380847666e-01 -1.2727798979547220e-01
        1.8228663564438918e-01 7.7081689751300239e-02
        -3.0355305097602803e-01 -5.7301523767333308e-02
        -8.1769200686547208e-02 2.2763485755613083e-01
        -2.0759285120841861e-01 -2.0997157906398078e-01
        1.6506724748733412e-01 -1.1208909610838044e-01
        -1.7068346120478048e-01 -1.6740605422996441e-01
        2.5220987262981381e-01 -8.6020312669664908e-02
        -1.2120721312317709e-01 -3.3210093051531658e-01
        -3.0819799713166390e-01 1.6951339004857233e-01
        1.5394713792059642e-01 -1.3886365855587882e-01
        6.5941453349555712e-01 8.0219352560682766e-01
        7.8720864152388614e-01 4.2664187359944905e-01
        1.8833744019642775e+00 4.9420391778207567e-01
        -9.6441291625597536e-01 5.9213268472471170e-01
        -6.7479901213151089e-02 3.6925377449305641e-01
        1.4165136676740302e+00 -1.8569943402932476e-01
        1.5543834811396844e+00 8.9607172440381389e-01
        -6.2435368881223297e-01 4.5895073265887648e-01
        -4.1021691314050818e-01 6.4570394253073160e-01
        -1.8392348227338702e+00 2.6771454675217560e-01
        -1.2296622084775137e+00 -8.0970570708876533e-01
        2.6792897386762032e-01 3.0680764431154128e-01</_>
      <_>
        1.0633715292174335e-01 -1.0585075525115860e-01
        1.4587259790124230e-01 1.0389359027647505e-01
        1.9926328721360959e-01 -3.1630673157550665e-02
        3.4314550914117586e-02 1.0023667858140417e-01
        7.0362971365731539e-02 -5.1787092714072093e-03
        -1.8079310706721580e-01 1.2784827711377222e-01
        6.1734365322766063e-02 -1.2207369357820619e-01
        -5.9123047073431523e-02 -1.9977304709409626e-02
        -6.8149460527754155e-02 7.0539736997594124e-02
        6.0403265596535478e-02 1.6500233128586825e-02
        1.7503890695481535e-02 -4.8887152344521019e-02
        9.4019088884768579e-02 -3.0187795399656248e-01
        1.2964239914239881e-01 -2.7503880219206106e-01
        2.6954418402279157e-01 2.4565728087209315e-01
        5.2008000444749836e-01 -2.4061131025112867e-01
        2.7635666170022233e-01 2.8562981705835722e-01
        2.7062184013843510e-01 2.3657160524648405e-01
        -3.0037658219114793e-01 3.3131754323490575e-01
        2.6315277537531384e-01 -3.2042691549394214e-01
        1.5578544769790452e-02 -2.3833346965016766e-02
        -2.5862628161662915e-01 6.6373180010938060e-02
        -4.5739714210105829e-02 -8.3897119020264213e-02
        -1.7663040550448736e-01 8.4322413745974295e-02
        3.8113987186810838e-01 -5.3123314848127823e-01
        1.6135941898762293e-01 -2.1942545862435972e-01
        2.2035652516464660e-01 2.5738647843058399e-01
        4.6506350326263296e-01 -1.6988899432200025e-01
        2.0193354705226477e-01 2.6761228013324928e-01
        3.3771916180838296e-01 2.9161803822373850e-01
        -3.6850895402924105e-01 3.1934284855922507e-01
        2.6493174600304353e-01 -2.2360266505009743e-01
        6.9540614165458717e-02 -2.0899207821695420e-02
        -2.7168551128394680e-01 1.7061261068535763e-01
        4.4989886463318300e-02 -1.5015656072644826e-01
        -5.6008771374206172e-02 6.9168635725103469e-02
        3.7840482101373329e-01 -5.2590409669832616e-01
        -1.4601356361470471e-02 9.8482136501465339e-02
        -4.5115052945466791e-02 -1.3682974153163199e-01
        -5.8999686125559905e-02 1.0994808739450863e-01
        -7.6021195057438012e-02 -6.1202648137401151e-02
        -1.5652102979175922e-01 -1.0333572079841154e-01
        1.4720031717188134e-01 -7.5705203752214033e-03
        -8.3587810035539820e-02 1.0262990209307442e-01
        -4.6052907913908633e-02 3.6840596915147295e-02
        2.4266563276686158e-02 -4.6978197441471331e-02
        -2.1043065721901334e-02 2.3212711422734705e-03
        -1.1848135020603326e-02 -6.2187303210744165e-02
        -3.7337264934290099e-02 6.6182596555817708e-02
        2.6772002609147671e-01 -4.7858536575737293e-01
        3.4839132145909196e-01 3.3226741959565331e-01
